Output generated by Badger version 1.02Beta
Started on OB-ThinkPad-X230 at Mon Jan  8 18:50:04 2018
Data Summary

   13		number of taxa
  124		number of genes

                           1  2  3  4  5  6  7  8  9 10 11 12 13 
                         ---------------------------------------
 1 >gi|384137007|ref|NC    0 72 29 23 26  6 11 10 19 19 22 11 18
 2 >gi|162418099|ref|NC   72  0 72 69 69 68 67 68 66 64 63 66 60
 3 >gi|108777911|gb|CP0   29 72  0 23 33 25 22 25 23 22 27 22 23
 4 >gi|384412706|ref|NC   23 69 23  0 27 19 18 19 10  8 21 18 13
 5 >gi|45439865|ref|NC_   26 69 33 27  0 24 23 24 23 23 25 23 20
 6 >gi|30407161|emb|AL5    6 68 25 19 24  0  7  8 15 15 20  7 14
 7 >gi|384120592|ref|NC   11 67 22 18 23  7  0  7 14 14 19  4 13
 8 >gi|384124469|ref|NC   10 68 25 19 24  8  7  0 15 15 20  7 14
 9 >gi|22123922|ref|NC_   19 66 23 10 23 15 14 15  0 10 17 14  9
10 >gi|108773814|gb|CP0   19 64 22  8 23 15 14 15 10  0 19 14 13
11 >gi|145597324|ref|NC   22 63 27 21 25 20 19 20 17 19  0 19 10
12 >gi|294352569|gb|CP0   11 66 22 18 23  7  4  7 14 14 19  0 13
13 >gi|153946813|ref|NC   18 60 23 13 20 14 13 14  9 13 10 13  0

mu =   5.8709, psi =  21.2533

seed=194024933
pre-burn=0
cycles=1510000
sample-interval=50
window-interval=100
use-grouping=false
data-file=./genomes_permutations_5000.txt
outgroup=13
print-all-trees=true
file-root=phyla.run
initial-tree-type=good
estimate-hyper-parameters=true
check-trees=false
debug=false
use-updates=1,1x,2,2x,3,4,5,5x,6,6x
print-permutation=false
prob-stop=0.9900
prob-good=0.9500
prob-neutral=0.9000
use-mcmcmc=false

                       Accepted Tree Counts
                    Smaller     Equal    Larger
Update method 1:        395    190019       408
Update method 1x:       212    219555       203
Update method 2:       1274   1104666      1265
Update method 2x:       493   1331331       470
Update method 3:        278    130925       273
Update method 4:          9      1928         5
Update method 5:        121     31991       127
Update method 5x:        81     38076        86
Update method 6:        163     63084       156
Update method 6x:        83     72322        80

mu = 5.871
psi = 21.253

Finished on OB-ThinkPad-X230 at Mon Jan  8 19:06:56 2018
Elapsed time: 16 minutes, 52 seconds.
